Study_ID,Reason_ID_JGE,Reason_ID_MS,Reason_ID_GC
3,,,
4,1.0,,
7,9.0,,
15,9.0,,
21,5.0,,
22,5.0,2.0,
23,5.0,,
24,5.0,,
25,2.0,,
26,1.0,2.0,
27,1.0,,
32,1.0,,
33,9.0,,
38,5.0,,
39,,,
40,1.0,,
41,2.0,,
46,,,
50,9.0,,
51,,,
52,6.0,,
53,9.0,,
54,,,
55,3.0,,
57,9.0,,
58,9.0,3.0,
59,2.0,,
60,,,
61,,,
64,9.0,,
65,9.0,,
66,9.0,,
71,9.0,,
73,9.0,2.0,
77,9.0,,
78,9.0,,
80,5.0,,
81,9.0,,
82,9.0,,
84,1.0,,
85,,,
87,5.0,,
88,9.0,,
89,6.0,,
90,9.0,,
92,,,
93,9.0,,
95,9.0,,
96,9.0,,
97,5.0,,
98,9.0,,
99,,,
100,9.0,,
101,,,
103,10.0,,
108,9.0,,
113,,,
114,1.0,2.0,
117,10.0,,
119,2.0,,
122,1.0,2.0,
123,1.0,,
124,9.0,,
130,1.0,2.0,
131,,,
133,9.0,,
138,,,
139,,,
141,2.0,,
142,9.0,,
144,2.0,,
145,3.0,,
146,3.0,,
147,2.0,2.0,
148,,,
149,5.0,,5.0
151,9.0,3.0,
152,9.0,,
155,6.0,,
157,9.0,,
160,5.0,,
161,10.0,,
162,9.0,,
164,7.0,,
166,5.0,,
168,,,
169,2.0,,
171,,,
172,,,
175,,,
176,1.0,,
179,9.0,,
181,5.0,5.0,
182,,,
183,11.0,,
184,9.0,,
185,9.0,,
187,5.0,,
188,5.0,,
189,9.0,,
190,5.0,,
192,,,
194,9.0,,
195,,,
197,9.0,2.0,
199,5.0,,
200,9.0,,
201,9.0,,
202,6.0,2.0,
203,9.0,,
205,5.0,,
210,1.0,,
211,1.0,,
212,1.0,,
213,9.0,,
214,,,
216,5.0,,
217,,,
219,,,
220,9.0,,
221,9.0,,
223,1.0,,
224,9.0,,
225,9.0,,
226,,,
227,5.0,,
228,5.0,,
230,9.0,,
231,,,
232,1.0,,
233,5.0,,
235,1.0,,
236,2.0,,
237,5.0,,
238,,,
239,9.0,,
240,9.0,,
241,9.0,2.0,
244,6.0,,
246,6.0,,
247,9.0,,
250,5.0,,
251,1.0,,
252,5.0,,
253,3.0,,
254,2.0,,
255,5.0,,
256,,,
257,9.0,,
258,5.0,,
260,,,
261,,,
262,9.0,,
263,7.0,,
264,7.0,,
266,,,
268,7.0,,
269,5.0,,
270,9.0,,
273,,,
274,,,
275,9.0,,
276,9.0,,
277,11.0,,11.0
278,,,
279,2.0,,
280,3.0,,
283,1.0,,
284,9.0,3.0,
287,9.0,,
288,,,
289,9.0,,
290,2.0,,
291,9.0,3.0,
292,,,
293,5.0,,
295,9.0,,
296,11.0,,
297,9.0,,
299,1.0,,
300,,,
303,5.0,,
304,1.0,,
307,,,
308,2.0,2.0,
310,9.0,,
311,,,
312,,,
313,9.0,,
314,,,
315,11.0,,
316,2.0,,
317,3.0,,
319,,,
320,9.0,,
321,,,
322,,,
323,5.0,,
324,9.0,,
327,,,
328,,,
330,9.0,,
331,5.0,,
333,,,
334,3.0,,
335,1.0,,
336,,,
337,9.0,,
339,9.0,,
340,2.0,3.0,
341,9.0,,
342,,,
343,2.0,,
344,11.0,,
345,,,
346,5.0,,
348,,,
349,,,
351,9.0,,
353,,,
354,11.0,,
355,9.0,,
356,,,
358,2.0,,
359,,,
360,,,
361,9.0,,
362,5.0,,
363,9.0,,
365,9.0,,
366,5.0,,
367,5.0,,
368,9.0,,
369,,,
370,,,
371,2.0,,
372,9.0,,
373,,,
374,9.0,,
375,,,
377,,,
378,9.0,,
379,9.0,,
380,,,
381,5.0,,
382,,,
383,9.0,,
384,11.0,,11.0
385,7.0,,
386,,,
388,5.0,,
389,5.0,,
390,7.0,,
392,9.0,,
394,5.0,7.0,
395,2.0,,
396,9.0,,
397,1.0,,
399,,,
401,,,
402,,,
403,3.0,,
404,9.0,,
405,,,
406,,,
409,,,
410,9.0,,
412,9.0,,
414,,,
415,9.0,,
416,,,
417,3.0,,
418,1.0,,
421,,,
423,9.0,,
428,,,
429,11.0,,
430,5.0,,
431,,,
432,,,
433,9.0,,
434,5.0,,
435,9.0,,
437,9.0,,
439,,,
441,,,
442,,,
443,,,
444,,,
445,11.0,,
447,7.0,,7.0
450,,,
451,,,
454,9.0,,
456,,,
460,,,
461,,,
465,,,
466,5.0,,
467,5.0,,
470,4.0,,
471,,2.0,
474,9.0,,
475,,,
476,,,
477,5.0,,
478,5.0,,
480,5.0,,
482,,,
483,,,
484,,,
485,,,
486,3.0,,
487,9.0,2.0,
488,3.0,,
489,9.0,,
